Mixture	CD4	CD8	CTL1	CTL2	Endothelial	Erythroid	ImmatureB	Mature	mDC	memBcell	Mono1	Mono2	Mono3	Monocyte	NK	NKT	Osteoblasts	Osteoclasts	pDC	Pericytes	ProB	Progenitors	TAM	Th117	TIM	TregA	TregR	Tumor	P-value	Correlation	RMSE
DTB.004.C	0.00764998781479023	0.010371582489003	0.0140497968437842	0.0384264360055715	0.0217754229321911	0.00489124092498753	0.00211360707413088	0.0106198540025789	0	0.0184375677962143	0	0.00985807413763492	0.0225431365860807	0.0615628379012225	0.00853046684388374	0.0165262872051057	0.0191374732481565	0.00051068095919953	0.0115547136312417	0.00955620337783398	0.0254653496957868	0.0386094919372167	0.0254787816095138	0.0275870981752741	0.064649478559762	0.0167036422677901	0.00724443523896694	0.506146352742079	0	0.532787389707227	0.886285482770108
DTB.005.BL	0.015392583059146	0.0107655264398964	0.0176167055314031	0.0519269810647413	0.0479556350770229	0.0180503551895041	0.0104968890977796	0	0	0.0106793480439367	0	0.0198762426678675	0.0206713631725442	0.119974410149471	0.00838490665339062	0.00990325988603055	0.0966632108603784	0.0132623262100764	0.0163475383303115	0.0128571697173764	0.0171309703279528	0.0179088067218127	0.0465238899734774	0.0132072382862193	0.0475511935783692	0.012194516861066	0.0115369326188235	0.333122000481402	0	0.853609058024387	0.652300361601612
DTB.009.BL	0.0830395146189055	0.0112296887066675	0.0317829584513671	0.0263337183994015	0.0294649875427181	0.00391399425101674	0.000340381029626029	0	0	0	0	0.0297339854787699	0.0278923034157828	0.11198742658493	0.0178503121347579	0.00891772587762812	0.306748220581974	0.00106078615919794	0.00631737774441097	0	0.00985917974455836	0.0367586753775643	0.0727563638442241	0.00596309976409576	0.0294545480821447	0.0188245118855338	0.00410672378539742	0.125663516539327	0	0.963026007311043	0.373947759079395
DTB.011.B	0.125393876111705	0	0.0214500352712897	0.0772346470047645	0.0855998567169097	0.00118214513862719	0.00804504987082972	0.0236591049624162	0.011156200387013	0.0307214290672905	0	0	0.0214229806226192	0.0318541606402846	0.0275653424473086	0	0.0361087001284091	0.000571479124749391	0.0244654334325495	0.0689721046619964	0.0249775283605122	0	0.0194493226041064	0	0.0705961649980824	0.0206240899298734	0.00470259997061785	0.264247748548046	0	0.739401444678376	0.792989075800447
DTB.019.PRO	0.0284509251076808	0.0137300632191585	0.0133185216619357	0.0709063735701571	0.0533340594346668	0.00543263562903488	0.00731355964695412	0.00408329870631337	0	0.000136560149043401	0	0.00201892539008846	0.025581523122309	0.103798556040986	0.02721752039037	0.00830261746679335	0.122955499671595	0.000628505065991962	0.0234021819210858	0	0.030776869062435	0.0116559681279445	0.0101467753410344	0.0276611601339851	0.0327824051669983	0.0184973920435293	0.0154510566741173	0.342417047255792	0	0.880092195793827	0.587190220575947
DTB.021.D	0.0941445834238837	0.00358361449190603	0.0297448754715406	0.047695083436579	0.0643719456385742	0.0012659905423206	0	0	0	0	0	0.0192917987925968	0.036221743942789	0.0560483283432845	0.0391174378008721	0	0.222527275528488	0.0245341886875652	0.0174528884728655	0	0.0183239618917964	0	0.00260817525801208	0	0.0251630116514227	0.0241915243825544	0.00568539162803411	0.268028180614916	0	0.918755899462765	0.396526424257879
DTB.021.ProC	0.0546797753328409	0.010349133852216	0.0334824597843552	0.0506656335515027	0.0465019991112226	0.00151547325265396	0.00279543825407685	0.00507862031381219	0	0.0110638614053671	0	0.0154511820614471	0.0272246180563979	0.0450765154410323	0.0212716002413302	0	0.223041592078676	0	0.0224415282610968	0	0.0200635380330047	0	0.0157031933893657	0	0.036770988643428	0.0221127177371279	0.0110216943938387	0.323688436805207	0	0.936992352021738	0.352661907817139
DTB.022.BL	0.0208034304562843	0.00439944937218173	0.0175088535864567	0.0486144819190146	0.0379057967461583	0.0098937757752249	0.00072608858664022	0	0	0.0197545263564653	0	0.0180826936324379	0.0251718490723048	0.0827590833860269	0.0321706565253314	0.00133004791452818	0.0825571992298283	0.00779109125663457	0.023977502703681	0.00732788960781851	0.0229975464318816	0.0127946314914647	0.0228363988431747	0.0302526554797243	0.02511830280832	0.0232089582472825	0.00458504675748973	0.417432043813645	0	0.835976033369714	0.695589009244369
DTB.023.BL	0.0401048923188474	0.00024822756132364	0.0182645223273978	0.0456342381135484	0.0427573915859932	0.0017917972998137	0.00933357304551812	0.0265821053429883	0	0	0	0.00978609620205615	0.00545000422489965	0.111270020524161	0.0290800535273702	0	0.0645969293245419	0.000679980474852637	0.013415241737585	0.0230275918715504	0.0172068252689795	0.0393132895935628	0.0289413111251693	0.0355499005824335	0.0483224687140375	0.0289844564530005	0.00524029777461383	0.354418785005755	0	0.848127330669158	0.723761456090278
DTB.034.A	0.0276451404346183	0.0106913044927278	0.00939695638628291	0.0784908073031752	0.0218685130117172	0.0127970876548251	0.00602047213104545	0.00341798500889438	0	0.00552660472848871	0	0.0110371708392875	0.0160214018445856	0.101936229768402	0.0333960785009904	0	0.000213826372382392	0.000302416044408739	0.0163628219228848	0.00248410552810038	0.0204144259634507	0.034861983853608	0	0.00771059363744708	0.0492915978735151	0.0276582587333258	0.0128616766038686	0.489592541361967	0	0.531971139317201	0.893521958798861
DTB.035.H	0.00508737997837288	0.011851646514883	0.0289862332504205	0.075604681066814	0.0439098220872034	0.0129650744035183	0.010733806086969	0.0156148414050422	0	0.0194413778774003	0	0.0172336802269744	0.0220395180208037	0.0679279023949683	0.00221614992744777	0.00658523801018909	0.00425057822219847	0.000467435394222623	0.0119284730456473	0.0304439389811578	0.0216018922083206	0.00197092638506465	0.00931049029851088	0.00533389563351018	0.0623307426215971	0.0167612234390009	0.0144588565365272	0.480944195983235	0	0.647380213583223	0.853947298885213
DTB.036.BL	0.0590365692402295	0.00202350880160901	0	0.0733987668766054	0.0562464087884323	0.0054538665571171	0.0124404356110363	0	0	0.0210489779802565	0	0.0217091855743655	0.0360204764248473	0.216433391858703	0.041756914373656	0.0149844167231542	0.0392214416841135	0	0.0297007588033362	0.0212856082657818	0.0125353766687975	0.159379079605481	0.0184267980988273	0	0.00105423893939686	0.0358550257531335	0.00690693759207917	0.115081815779041	0	0.680674442705745	0.834934479205494
DTB.037.A	0.0885211885541517	0.00485694860544566	0.0142655268522094	0.066070568940468	0.0531653179004946	0.0169755198447188	0.00268706658529502	0.028208233134003	0	0.0318909454995492	0.00501335999128907	0.00228583511109495	0.0209663334868156	0.0719179398130379	0.0266089324148318	0	0.00508235879980949	0.00114990256023615	0.0116764840395674	0.00743214197703256	0.0228876520612796	0.0308985144850355	0.00627514790089916	0.019906265234019	0.0220725357835535	0.0238874188384797	0.00206915117871549	0.413228710407968	0	0.428350800825178	0.92519621162305
DTB.040.E	0.0892397866789984	0.0110240101947035	0	0.103997019906612	0.0498902717033245	0.00968528087154498	0.00938102954112903	0	0	0.0207095734243466	0	0.0159666968770069	0.033800074396457	0.155724492671978	0.0359908720988983	0	0.0223520417101785	8.80341621046078e-05	0.0313287547126205	0.0157913227315748	0.0199669192284502	0.157670333523226	0.0114305189577631	0	0.0206673843384967	0.0336924748470113	0.0129670929629168	0.138636014460659	0	0.573111495005283	0.8883452673051
DTB.053.BL	0.0200271484080356	0.00560988438602833	0	0.0553835589948261	0.0352435703822427	0.0229089516196581	0.00298763346080613	0.00303877392986919	0	0	0	0.0158811212435273	0.0189829409887764	0.174921182460462	0.0222354830307823	0.00403802391248917	0.0220356333869224	0.000419565314521786	0.0191790623843658	0.0150145871113263	0.01288933192617	0.0741613584506223	0.0464707045622495	0.00684847258353236	0.0156454651638525	0.0258002797602022	0.0106125242278229	0.369664742310909	0	0.606933971855162	0.86877417128772
DTB.061.E	0.112908453888137	0	0.0148911565859635	0.0693667857506954	0.0705290382407538	0.0206256946649347	0.0108434597886425	0	0	0.00387199041468527	0	0.0365433222166365	0.0313618870518495	0.065023152432234	0.0299560302056823	0.0124220404126505	0.0388521235192394	0	0.0103383740030789	0.0376091639524094	0.0215311716982095	0.0385276501911621	0.0303230422854443	0	0.088788300981906	0.0205591867343863	0.011296280099791	0.223831694881508	0	0.462245725280535	0.901913122342912
DTB.067.ProB	0.0123571867581915	0.0260017392179912	0.0283710275273071	0.0684875035151433	0.0415136724137756	0.00565616621088194	0.0125800689815727	0	0	0.00347768681857396	0	0.0210653328366669	0.0620920919591748	0.0821998817581971	0.0286369310339935	0	0.0165925215725233	0	0.014691530196113	0.0138806765047032	0.0238157668862141	0.0326579658095139	0.0218894851586124	0.0275017429792624	0.0283595110981479	0.0349436688171161	0.0111076281165513	0.382120213829773	0	0.57149897278116	0.881816305292288
DTB.069.E	0.0146545252435424	0.0125896446360108	0.00906331496614746	0.0639822434660038	0.0208579890664018	0.010515231822973	0.00971240777977868	0.0104969379152995	0	0.0261488631828487	0	0.00637371910407533	0.00388410632068448	0.0801446696674527	0.0181269927710634	0.00113587624007613	0.0023647733653036	0.000392388659276445	0.0150368214179682	0.00948766742557217	0.0308552697649203	0.0582386097803612	0.000970425253203621	0.00979432988933832	0.04011325337616	0.028163973747908	0.00493360055357556	0.511962364584055	0	0.563308312314039	0.881578995254274
DTB.071.A	0.0511260192462469	0.0119132915655146	0	0.0634948742339069	0.0205313685533921	0.0075951118959575	0.00511046309462778	0	0	0	0	0.00555712378998132	0.000418894681087259	0.119280720387491	0.0168337379820044	0	0.00504035571645023	0.000378861210745283	0.0129334876886304	0.00774731700035659	0.0268363741632515	0.0932477806136933	0.00566324340351929	0	0.0367261232234051	0.0238626026223493	0.0100063308161163	0.475695918111273	0	0.530962776201955	0.894388779084035
DTB.074.D	0.0686344032222019	0.00371786707970253	0.0071924115423458	0.0374946233538341	0.172627885733283	0	0.00619690094719645	0	0	0.017361758756823	0	0.00145960994126682	0.0161171975989981	0.0359742718625449	0.0243372177345278	0	0.0183140299087122	0.00256786450633464	0.0198658408882521	0.0668879447885615	0.0308425148793454	0	0.0344295284411483	0.035718106380281	0.0831866398465908	0.0125076460134642	0.00540322469710603	0.29916251187748	0	0.581913919159248	0.846110301097154
DTB.077.ProC	0.0428923089701141	0.0132233727419339	0.0299716930210366	0.0560289558303228	0.0319678337552015	0.00368488995277742	0.00702463247461601	0.00920793265472885	0	0.00720890896392028	0	0.0132982708817311	0.0107220530624162	0.0406126265454989	0.0179661196045655	0	0.0640645976768163	0.00769827460162198	0.0246987780243118	0	0.0228931302446376	0.000705516810512552	0.00944072539865003	0.0113660863264825	0.0580159860559993	0.0200201252480457	0.00735493321146224	0.489932247942597	0	0.860775422271351	0.716720636067718
DTB.080.ProC	0.082953948320219	0.00158249070336037	0.0591282945244813	0.0449682212198596	0.0554430053493063	0	0.00309764684307406	0.147090562365765	0.0810390197903953	0.0222389791478398	0	0.0081642447230822	0.0579855638712432	0.0606841857390602	0.0398664308159557	0.0125849149462135	0.00183895028693027	0.00327066473218696	0.0409125976482246	0.0268112501404283	0.0185439666489539	0	0.0583089540081554	0.07788936934354	0.0239953562792789	0.0134044441776595	0.00975476332187675	0.0484421750529095	0	0.803002494457344	0.8058973227629
DTB.083.A	0.0594058263718918	0.00208093972960607	0.0356939598939209	0.020229316643863	0.0705770315827849	0.00325095073233156	0.00735646561730228	0.0189183968372529	0.0487846293992931	0	0	0.00741545252418416	0.0547954689953234	0.0612288699283123	0.0302895667310164	0.00811688714213981	0.0451683499633524	0.000824254984620013	0.0225969908041033	0.0898850267983117	0.0191678237484305	0.00824587433365391	0.0620348492121558	0.00744448448284649	0.0138172650412685	0.0201435837605713	0.00876757406172529	0.273760160679738	0	0.771305756221101	0.750402319321203
DTB.090.ProB	0.0518802936429902	0.00815652747557515	0.00847720172746468	0.0439669920976151	0.029167641311839	0.0115166806894541	0.0106769738537969	0.00320177991049004	0	0.00252694022335548	0	0.00169884318779346	0.0163899879468431	0.0531095335611229	0.023075886967853	0	0.00628008333531849	0.00034840605930232	0.0219563401934962	0.00755466586229756	0.0265138862332459	0.0272728848130248	0.00351828939425544	0	0.0340105609978832	0.0149440322509202	0.0125988775670734	0.581156690696989	0	0.523454225623836	0.887141420100654
DTB.091.B	0.00776746246155652	0.00725053238572346	0.0347828624545318	0.0690421994249612	0.0303193113400802	0.0122995235406721	0.00501701348051983	0.00954785728601248	0	0.017710081803229	0	0.000168447003747034	0.0267467697198323	0.0717338756449983	0.0242795022676577	0	0.033420573946115	0.000176292997231073	0.0158663093685334	0.0011632446562024	0.0188336392427689	0.0228007356158075	0.0219175666765173	0.0149257854796072	0.0500092778539566	0.0251928625060877	0.0126803025840308	0.46634797025962	0	0.766746390816865	0.805264089394007
DTB.092.C	0.010581825966553	0.0130273204704157	0.0259843677130885	0.0448648063544712	0.035691734308149	0.00692289977564129	0.00145917869260756	0.00621439090234607	0	0.00561135694259819	0	0	0.0174963647635917	0.0684153083294	0.0237934574418401	0	0.0913749843359757	0.0140905534480369	0.016532324120344	0	0.0174562351747756	0	0.0332081158073303	0.0130371579207846	0.0651532836474037	0.0142658535133439	0.00449779836878015	0.470320682002523	0	0.814373825152777	0.690576190624474
DTB.097.C	0.0477860638371591	0.00760402550763498	0.00466234205347894	0.0575572746985732	0.0527943450855306	0.0325865093471977	0	0.00566962276465218	0.0264348116256974	0.00656341625641803	0	0.000775658520981365	0.0207025930685309	0.182938970592803	0.030585998049649	0.0320401756762722	0.162654166330641	0.00176113867956771	0.0192287020971811	0	0.0121591830539868	0.0233925760001403	0.0455100831608935	0	0.0204314333370598	0.0215295983086527	0.0147182105605791	0.169913101386719	0	0.937922129717929	0.432113393465285
DTB.097.ProA	0.0413725396491804	0.00125999895851979	0.00026681204714121	0.0816969088904335	0.0768611489610304	0.0133216013653724	0.000199054465787442	0	0	0.0170551879428268	0	0.0117945714719459	0.0188305801305396	0.129631480996061	0.0230814273879133	0.00170999655349804	0.0786610719679924	8.98796119740469e-05	0.0230349464019541	0.0387022422850298	0.0162232072975646	0.0534957897976327	0.0607502499882505	0	0.0598259174237857	0.0236780373745129	0.0144886167427655	0.213968732288288	0	0.749478145485873	0.73928207899591
DTB.098.Pro2C	0.0580966723445949	0.0198044865557525	0.00658229630337507	0.0857700438006235	0.043699779115748	0.0171657092058193	0.00849255378849397	0.0171454448163268	0	0.0246504342114129	0	0.0140057744582786	0.0279437820720764	0.0758585172899845	0.0211590022927585	0	0	0.000224992291034744	0.012050788189843	0.0264329889494816	0.0281407472498439	0.00559661795889553	0.00526787595045249	0	0.0277469840183567	0.021152556186917	0.0179266875756068	0.435085265374324	0	0.383203883304857	0.934501247066192
DTB.101.A	0.029787522172069	0.0138866738740435	0.0142340543308473	0.0403528739207302	0.0293275729593311	0.00138444142549129	0.00704247909291453	0.00270280716670789	0	0.0121722955065067	0	0.00363624713651412	0	0.0525550729551812	0.0230236310252538	0	0.00508700780778706	0.000608163981775981	0.0144014099970465	0.0152462615464979	0.0247455511642337	0	0.0135693764944314	0.0072696444718602	0.0764765493629576	0.0148749350821517	0.011831129633138	0.585784298892529	0	0.592462689221505	0.86376035167889
DTB.111.ProA	0.0526584485450634	0.0124347252787121	0.0286205487039516	0.0294543927248032	0.0618091214751234	0.00515217209653499	0.00550280612025811	0	0	0.0326376753144335	0	0.00750279799175438	0.0118570140758813	0.0456195356881534	0.0235562621203662	0	0.00523334962430875	0.000306425443505304	0.0177443116459214	0.040115739860627	0.0219462390822721	0	0.0118036390656101	0.00489984233153766	0.0576168481088739	0.0213368678719294	0.00486265493671899	0.49732858189366	0	0.735454958923874	0.819713451957619
DTB.112.E	0.0422084507190267	0.00332804919966492	0.00149336185937191	0.0520483661508609	0.0811629145970193	0.00376831914452704	0.00369580318837266	0	0	0.0483328290814382	0	0.00875458759363769	0.0228791675519764	0.0345005637831399	0.0114556182090069	0.00335519670909	0.0021658203439003	0.000791351577996431	0.0142285755865339	0.0351521390523676	0.0202565502928933	0	0.0115261850243568	0.0454140414761527	0.05458858398076	0.0162177419095936	0.00342504255719976	0.479250740411113	0	0.68526737331881	0.837106954800574
DTB.119.ProB	0.0090307285326979	0.00765514260409083	0.0358992815597314	0.0610437478055907	0.0481894549634116	0.00614172482679548	0.00618525339873679	0.00733492835756935	0	0.0163747996387082	0	0.0105003234018719	0.0182203718746438	0.0758018426105524	0.0228554177884108	0	0.0700921848385782	0.00223494060710981	0.0122526273208344	0.00509658324484319	0.0147796359953972	0	0.0273535811107726	0	0.0433929197674389	0.0217589365448152	0.0107502574395165	0.467055315767883	0	0.713481933050412	0.776026625136955
DTB.124.A	0.0786051713937513	0.00988757487859257	0.0186486478170463	0.041653698303064	0.0531849471960582	0.00879018712942997	0	0	0	0.0352425561052196	0	0.011497385327573	0.00839168337181218	0.0855404857025954	0.0411083132619857	0.00490462091043938	0.0611436436632162	0.0219012993237201	0.0265352127473335	0.00692037060034149	0.0171710601224671	0.0177838359349383	0.0163591752203659	0.00408252090502539	0.0475642019594113	0.028260095694987	0.0111723979577472	0.343650914472879	0	0.80504858311227	0.756737848154394
DTB.126.A	0.0666546851346402	0	0.0353093984351831	0.0352719299997963	0.0462433236305036	0.00751461694094247	0.0146525617574075	0.0269728264932948	0	0	0	0.023187931211447	0.0391913073586552	0.0695287301439419	0.0247400517506648	0.00760846475555048	0.107221135460369	0.00180895069359107	0.019427977218418	0.0305112586003646	0.0224278930278289	0.0106149835755579	0.0518271008187061	0.00458891229923137	0.0432624910711609	0.0200850065711085	0.00696835803513115	0.284380105016505	0	0.830755370550482	0.644623166888084
DTB.127.ProA	0.0286908024881265	0.0180607378340753	0.0181060763848512	0.06488254171834	0.0164766085614967	0.00897220718461963	0.00935415079360642	0.0148393084782076	0	0.0521247072846482	0	0.00454883128387005	0.020914653778412	0.0344582015950111	0.019243568715801	0	0.000635159398080224	0.000383692087809442	0.0145103317135657	0.010162303653358	0.0277572963397792	0	0.00142741379819357	0.000509378018899055	0.0424605891479666	0.0298852416697481	0.0144208426567904	0.547175355414744	0	0.674847048662731	0.843671783592583
DTB.128.BL	0.0317939055370156	0.00849134694982149	0.0093693374834738	0.0105132752318539	0.0236185520452801	0.00559087246962119	0.00336915012745366	0	0	0.011039423043389	0	0.0124236124558553	0	0.0895168706234581	0.0179862341086768	0.00649701598221416	0.0245814449039018	0.00396783522356605	0.00844317611921965	0	0.0273481088352657	0.019547763423473	0.0202205833601477	0.0294020278345844	0.0472702467155008	0.0277125223100921	0.00137730413262096	0.559919391083515	0	0.80180349740883	0.788660799831048
DTB.129.B	0.0632774815875863	0.00985246157597117	0.0348876659414339	0.0159486525010413	0.0442825536967635	0.0143487188717318	0.00797872209554277	0	0	0.00859777714397011	0	0.0132583785182078	0.0162114695184796	0.0553264810134281	0.0296856294059671	0	0.0214909250649933	0.000394151372183356	0.0249332943389064	0.014548011465313	0.0233666685606275	0.0248356136171309	0.00330043883306226	0.00533688684619806	0.0436420282113687	0.0322492110732862	0.0110992035455512	0.481147575201256	0	0.724339588851567	0.825020602295183
DTB.132.BL	0.0186382148660729	0.0153469698613368	0.0294551016842253	0.0583859148611724	0.0543833097635898	0.00272741493421363	0.00374369976125763	0.00418528169977586	0	0.0134099297938994	0	0	0.0338365713767898	0.0631385462377824	0.0111100354772704	0.0140328825132522	0	0.000751740915291271	0.0170223813182805	0.0343157842278034	0.0211027545215001	0	0.0126813697744339	0.011542853432887	0.0430166525361967	0.0259800385420549	0.00534522803059584	0.505847323870318	0	0.729306489743293	0.82523878250399
DTB.138.D	0.0239350883027159	0.00350082211637236	0	0.0900359264582195	0.0233692421610268	0.00215857987383453	0.0022564193837127	0.000326903291621347	0	0.0294006311195333	0	0.00875216780616878	0.00276069467942345	0.117852278878078	0.0421012027397963	0.00618284667731818	0.0125490957686733	0.000415252312284656	0.0115925901941902	0.0110744869167513	0.0211069363808689	0.0529129131620518	0.0104277772519681	0	0.0415565375310647	0.020998547896765	0.0110822912780686	0.453650767819493	0	0.656866293574921	0.858509426741397
DTB.141.A	0.0656588309235348	0.00703973647524243	0.04539858768987	0.0326878117519913	0.0543482273943173	0.0317673126784864	0.00742414177580542	0.0223996510296635	0	0	0.0286964438587832	0.0108816859280288	0.0210222210538136	0.128703060694817	0.0467566154864567	0	0.0731146300575779	0.00917386966602508	0.0165486162872454	0.00377389790641106	0.0264044112397792	0.0122889914374831	0	0.0246730320686317	0.0513903399190271	0.0209535097166307	0.00746257028570927	0.251431804674669	0	0.792055390218189	0.744143065350027
DTB.143.C	0.0255248946473321	0.00891273313336727	0.0186833865359789	0.0377188678835052	0.0338027417308009	0.00328830953620867	0.00725857794677965	0.00770371523208234	0	0.0262921680448255	0	0.00969191437861285	0.0245910858801661	0.0500925320019341	0.021487605236996	0	0.0820373130138622	0.0110467424958417	0.0178183094121306	0.00167084574097136	0.0182924068706006	0	0.00405947089024447	0.0133438719357712	0.0404123958422797	0.0202387936718237	0.00854497747834119	0.507486340459544	0	0.859441814832202	0.677579697604787
DTB.148.A	0.0285689820032975	0.0058459215180942	0.0215116190378153	0.0523179552262808	0.0619796517761449	0.0116814969219114	0.00454488898532644	0.00534939706444742	0	0.00928718986627044	0	0.011888433198695	0.0111091422480352	0.093434094379397	0.0332479836657877	0	0.0801097703583621	0.00059969505979108	0.029394554923052	0.00254121284285991	0.0165196355659692	0.0171439408744313	0.0227397329036946	0	0.0367392481119729	0.0275553556368429	0.0108002127912728	0.405089885040248	0	0.815043694695274	0.710932404566411
DTB.149.A	0.0300781801190049	0.0100117924895939	0.0306155717515615	0.0528138117885323	0.0317900910219394	0.0540347309647887	0.0068268977332458	0.0196552220182744	0	0.026378399463631	0	0.00524160753242476	0.0199411732497737	0.114142758848613	0.0294151279520448	0.00434255796512829	0.0135075944874506	0.00331766668374085	0.0108455291994741	0.00760491369271922	0.0313634252984472	0.0306076452860628	0.0330129665554666	0.0382645437293137	0.0467449670464161	0.019184120713622	0.0140974602078749	0.316161244200856	0	0.638688401236446	0.871706598875106
DTB.151.D	0.047327505974385	0.00632761222218139	0.0409830544496442	0.0228443502808827	0.05212814967896	0.00127161003464882	0.00878384235429464	0.0207704386324935	0	0.00640766481192687	0	0.010007486734911	0.0424839347959048	0.0556499192092069	0.0342566139960442	0	0.0257386429704137	0	0.0232601046762881	0.0453832961894413	0.0213024225259379	0	0.0233378708023403	0.0165240422401815	0.0464680878751525	0.0239172450720702	0.0121744740930677	0.412651630379623	0	0.780576189549939	0.796168010249742
DTB.156.B	0.107413795227368	0.0148360946444648	0	0.0859544889074856	0.0539857426660174	0.0112530743688593	0.0069649008814545	0.00351163995322926	0	0.013090301583061	0	0.0253177696947675	0.0307498760688275	0.0848976470948303	0.018487171633268	0	0.0353673227851564	0.0286196586159573	0.0308002276052203	0.00562910324332211	0.0284819883809798	0.0288544931585535	0.0274597782726708	0.0199774956635174	0.0233303598506777	0.0180606042817296	0.0189547540236146	0.278001711394968	0	0.600527577600939	0.867419345625489
DTB.159.ProB	0.0735210695080073	0.00926290695281761	0.0184498914820279	0.0684578408684421	0.0472192743354572	0.0033827785571725	0	0	0	0	0	0.014140621096876	0.0424800265723062	0.0501040856329899	0.0293071005541255	0	0.234736888400781	0.0745414438679985	0.0214498774890359	0	0.0192322294432053	0.0045828757095031	0.0400605816551987	0.0352098951749506	0.0415322453160793	0.0188703297140395	0.0122475922527852	0.1412104454162	0	0.940034632132268	0.343217415467239
DTB.172.A	0	0.00480482244354296	0.0376293689474743	0.044261483562818	0.025360865246449	0.00232532716982243	0.00870514306395979	0.0034859933374376	0	0.0157047138942738	0	0.00638185028532442	0.0225953859267502	0.0883029543160021	0.00923487392117947	0.0154253634760825	0.00146115000449497	0.000679266392663835	0.0247333375678626	0.0159901959070768	0.023706312121697	0	0.0203825440367195	0	0.0430432379656983	0.0272226528177093	0.0104725293044845	0.548090628290477	0	0.558340001601494	0.877953034548023
DTB.173.A	0.0354445245135269	0.0163503241511144	0.0125942737072963	0.0378798411967043	0.0266581119055901	0.00869776889546528	0.00891067428986993	0.00369036564401294	0	0.0147095453788966	0	0.00940230083451024	0.00531942179988505	0.0389869508715948	0.00191355834460752	0.0116432816059934	0.00818232003055486	0.000299410557601721	0.0110168709964624	0.014417719843562	0.0183968142402435	0.00802260920635265	0.00648145450188728	0.00368372241972971	0.0457098140414557	0.0188045701497876	0.00170967794125842	0.631074072932036	0	0.763547849113576	0.797990184210027
DTB.176.A	0.0245630369651458	0.00610088993294599	0.00792710303993439	0.048678333783101	0.0365299288300299	0.0103779663479128	0.0107547041926651	0	0	0.00604554373760365	0	0.0162932781710061	0.00507545212657106	0.100947120939257	0.0143252226413666	0	0.020205369479955	0.000522310608495816	0.0168201115483968	0.0117552032212209	0.0189654876082307	0.0188370469314831	0.0277388373230581	0.00548251767054276	0.0322076275295028	0.0241421527455008	0.000848719532322	0.534856035093752	0	0.743219945742059	0.811841566513871
DTB.176.ProA	0.0431388512060206	0.0103349325092437	0.00342311800670566	0.0427114000031333	0.041824429827144	0.00450490229851353	0.0144739997299266	0	0	0.016871783574343	0	0.00721707626475907	0.00881879442546362	0.0524224193200552	0.0168556231040809	0	0.0225592187885844	0.000415931519433254	0.0179015192171976	0.0269626739755311	0.0226873403377383	0	0.00591406341538428	0.00651971769886956	0.0428217944164209	0.0275140241071642	0.00219963044241985	0.561906755811867	0	0.699235851875873	0.818848205228838
DTB.183.A	0.0248773060492972	0.0095595849280392	0	0.0828272687506242	0.0242885206231059	0.0168351646232636	0.00693254102333796	0	0	0.00710356061274585	0	0.0100420047277395	0.00834467284860892	0.0998775370174496	0.0200850361621369	0	0.00664712753218825	0.000490358283146278	0.0191222267278198	0.00818407741623365	0.0230550384190654	0.0595391738256741	0.0131662343866923	0	0.0467503959969245	0.023027840443179	0.00629673989136209	0.482947589711366	0	0.678216262573401	0.85006840216318
DTB.186.A	0.0563850215866612	0.00821466940655274	0.0183727613909203	0.0525573926446712	0.0628582749410257	0.00237209595933893	0.00670742521593426	0	0	0.0283839244117936	0	0.00515157793738422	0.0184905343927695	0.0470183192828291	0.0245420375739147	0	0.0046944739638933	0.000416858719301494	0.0166029323974073	0.0221179007176547	0.026458026587361	0	0.0017000475822241	0	0.0489962983777671	0.0280837985372856	0.0108683252176211	0.509007303155689	0	0.516678863302348	0.891282535504077
DTB.187.B	0.0283579596401318	0.00681690254684179	0.043274991153587	0.0558709305983373	0.0558384836829355	0.003635665494366	0.00455343017064196	0.00920196808385504	0	0.0172648540882824	0	0.00902400761881827	0.0269403384000325	0.0700974187008393	0.0145611785879724	0.00505408616310353	0.0528979378593451	0.00528500120210395	0.0199074507109096	0.00951595921082067	0.0205930427268651	0	0.020971756100288	0	0.0311066960971978	0.0246067024361408	0.0100476868381399	0.454575551888444	0	0.800481528273174	0.75951762265514
DTB.188.C	0.0454161583343138	0.00330419970529961	0.0124465330871876	0.0408732813677798	0.0388125556799742	0.0222859057317902	0.00538090001494259	0.0211124012459324	0	0.0185899997103129	0	0.0128438092729893	0.0244157751242391	0.101075760192514	0.0217771296900846	0.00789400700815817	0.0542893418292254	0.000325873217880901	0.022879148108635	0.00434503104934727	0.0168144464555278	0.00344360588653961	0.0142570148887469	0.0152646529360882	0.0681709770084336	0.0185645692965671	0.011318450584821	0.394098472572669	0	0.761659969381586	0.783296973431268
DTB.190.E	0.0488604496824797	0	0.0455281435403326	0.0286297926280633	0.0574668487876701	0	0	0.019195703651498	0	0.0322027779350708	0	0.0121295618474858	0.041535209163272	0.0568284094491806	0.0468180904179053	0.00498567436045604	0.0422648177194271	0	0.0205455118915768	0.0329874408735492	0.0184810740066179	0	0.0429390514422936	0	0.0629603517655853	0.0199435540174227	0.00999370088882514	0.355703835931288	0	0.563211837741388	0.863906704799415
DTB.191.A	0.0376821729284186	0	0.0412150646482584	0.014142419177944	0.0617952190126577	0.00578610049005463	0.00232963602823081	0.014409832893837	0.0502915785340357	0.00535203605567285	0	0.00836040350088802	0.0438776648515078	0.138234849389871	0.0211772733336266	0.0204694206517631	0.124677657925735	0.00205650822042833	0.00193029446301723	0.00263982477138414	0.0114856173933795	0.0755164866970867	0.052405951609343	0.0114300100779313	0.0272562778608357	0.0222797724479913	0.0174950610535153	0.185702865982586	0	0.758784761483269	0.684018765122506
DTB.194.ProG	0.0116509150737698	0.000365421226036076	0.0113813261867623	0.0572399283865925	0.118670780607387	0.00432625903966056	0.0045330408495653	0	0	0.00804427969035325	0	0.00797764728500181	0.0385735414530334	0.0540889310118187	0.0186716792388809	0.0061292993484792	0.0881556092514864	0.0098395052851502	0.0212761334452478	0.0486006793713699	0.0197325397761246	0	0.0585577430400279	0.0349388636672666	0.109765203265889	0.011868470672207	0.0129801427174885	0.242632060110402	0	0.852718406116291	0.639101546517133
DTB.205.C	0.0840254752590804	0.0198290953169226	0	0.0824170214403997	0.0318898815925305	0.0441475150691537	0.0102814751409222	0	0	0	0	0.0110305967970668	0.0155334022514595	0.204602218113165	0.0119649541335817	0.00505053461306305	0.00120418613033526	7.61776395017725e-05	0.028386548716145	0.0116644953129768	0.0223897202909259	0.216177798247692	0.0157510819657677	0	0.000225464456704208	0.0250116657635294	0.0240632591349894	0.134277432614087	0	0.499558457283946	0.913866688114204
DTB.214.B	0.0566606825706384	0.0081195040678077	0.00719950981058989	0.0537502841518581	0.0467600782041486	0.0211791375356649	0.00802253795968275	0	0	0.014033218480879	0	0.0120209067940002	0.0277615720277573	0.0892139093927265	0.0216196073358921	0.00985829555505418	0.0982631519236837	0.000734622111012625	0.023527612047424	0.000728158958062486	0.0205528382099537	0.00937313493684542	0.023266012948719	0.00789136062416818	0.0396586588797665	0.0176682813866727	0.00887996079686698	0.373256963290125	0	0.831779509861736	0.670899626577636
DTB.216.ProA	0.0306390969742621	0.00723634685051262	0.00295024287031185	0.118597327800109	0.0382933627524473	0.0241983224524716	0.00337035162379423	0.0284215707525972	0	0	0	0.00383991812471214	0.0210148819161505	0.182916438887709	0.068587642190711	0	0.0532919757447757	0	0.0187911407329612	0	0.0272902819438005	0.0529233783519033	0	0.0211386134996766	0.029581309185085	0.0210478447653801	0.0189448984345074	0.226925054146122	0	0.753616802242353	0.800924755807398
DTB.220.A	0.0438975713850412	0.0127253806863239	0.0219342922682632	0.0380906439952491	0.0204411870808814	0.00374493292752427	0.00782206616491873	0.00949541573332474	0	0.0105074703395545	0	0.0066989931545803	0.0109442559490955	0.0415585771277015	0.00251611440028284	0.00426117493415128	0.00336826078975627	0.000438108275556849	0.0128566136028781	0.0268913809053505	0.0218682530815684	0.00718581267456127	0.0115477517638008	0	0.0545382273889992	0.0210093998682868	0.00674618328111513	0.598911932221234	0	0.751135917208137	0.808578529346947
DTB.232.ProC	0.0570230477559968	0.0088024393616638	0.0248232793514109	0.0665263755131279	0.0431220499451406	0.00259929519059069	0.00824288077503196	0.0141558367021018	0	0	0	0.0159728016006693	0.0292215685371082	0.0441879661656127	0.0339978682882968	0	0.160397726781035	0.0374199769811877	0.0269159163372248	0	0.0298431769979336	0.00399771907226852	0.0190544831400807	0.0342688449060863	0.0541853423206747	0.0218339132056573	0.00926536748691931	0.254142123584181	0	0.879737042254069	0.520834280684522
DTB.258.A	0.0303133740644977	0.00990312712311214	0.0354504933526797	0.0703568876193333	0.0384654682709484	0.00418527428080707	0.0070214475707855	0.0108641795407526	0	0	0	0.025971111332518	0.0636425782221653	0.0587292642048474	0.0515916301795327	0	0.00661800526747552	0.00163536916017518	0.0253976845189459	0.00280464676113209	0.0240509525037267	0	0	0	0.0149695511595254	0.0286801434710238	0.00950395141004431	0.479844859985971	0	0.652934013971808	0.856570073862693
DTB.259.A	0.0362718833849465	2.31199133726737e-05	0.0262651114609092	0.0137019257972925	0.0374369127393709	0.0119533060108085	0.00344392289272739	0.00219246729872736	0	0.00400109515698969	0	0.00513631339365509	0.00685040111532785	0.126484500369701	0.0222647255960488	0	0.140803423007052	0.00147895060227219	0.0138213681551074	0.00712467032606066	0.0230437483715459	0.0225042406968741	0.0462252755067262	0.00623332626823975	0.0561067291317407	0.0202679532722356	0.0103053398813237	0.356059289650945	0	0.894458615305029	0.532529721809585
DTB.260.C	0.080107855305563	0.00954470162594977	0.0303321201848	0.032114835774336	0.0500388595188016	0.00351119408723597	0	0.0177999075680584	0	0.00476466939635795	0	0.0288839082861286	0.0170893567803691	0.0760067932865384	0.044955476357738	0	0.126500684615712	0.0213504331275488	0.0182445448615917	0	0.0297195391353804	0	0.000886121233367823	0.0161636583254252	0.0577607057461327	0.020375909364085	0.0162089052401918	0.297639820178688	0	0.902099432815686	0.561706712217056
DTB.261.BL	0.000661911957004259	0.0110294687807727	0.00305384306926886	0.0629915838136601	0.048627894718675	0.0174869376550542	0.0097484748231212	0.0102165811797095	0.000739642988668795	0.0140297982071777	0	0.0139747362742733	0.0154774324453597	0.110856927822298	0.0287908709237817	0	0.00506306409115727	0	0.0205883041437614	0.0230445058078681	0.0190837341414054	0.0030492300462936	0.0194881594503238	0.0122339567026255	0.0269582494275074	0.0269140643706312	0.0130318878252967	0.482858739334305	0	0.663436176534693	0.848450181755756
DTB.266.D	0.0456522418591401	0.011133651329881	0.0221610961106128	0.0728573712471059	0.0368127703645491	0.00706565325414183	0.000631883558056618	0.0199236080369044	0	0	0	0.0195828493997506	0.0120693648261135	0.0813129303537067	0.0428298881981811	0.00304660850619443	0.0428633218743953	0.00588377783135888	0.0134300679476241	0	0.0255805881180007	0.00323577158095858	0	0	0.0251999681312105	0.030167124162804	0.00511682420181475	0.473442639107495	0	0.725724450413507	0.810303573075253
PR.040.E	0.0138218150640059	0.00534419672941721	0.0042341757596586	0.0366549997285055	0.0372435936401246	0.0167606407900919	0.010222233692089	0	0	0.0308770499362684	0	0.00675443973620774	0.00136959020393478	0.0824479153844663	0.0272802434450713	0	0.0428473786254702	0	0.0139847753169069	0.0200321487261171	0.0197198426358718	0.0207904498389964	0.0346091506717608	0.0276714993333246	0.0710965519427559	0.0149289469699321	0.00885657277779517	0.452451789051228	0	0.670755077349395	0.823310316422909
PR.056.A	0.0936220286528218	0.0131358797225573	0	0.0883967395551234	0.045539372481975	0.0143553368583282	0.00449181435395569	0	0	0.0531086685877703	0	0.0229512823525396	0.0681394162129821	0.0372963455584163	0.0226014272144276	0	0.0122325820929514	0	0.011969113421895	0.0307808634451527	0.0161195598308891	0.00771858665009796	0.122646567871253	0	0.0175757553600252	0.0178641219334284	0.0152229952036035	0.284231542639806	0	0.238414610540298	0.971417360128904
PR.063.A	0.0395676026291823	0.00457120271241496	0	0.0663263789483197	0.0538143520273424	0.0194840436501493	0.0109728747565475	0.00435656255264759	0	0	0	0.0193241412747099	0.00681811659627392	0.087171073491101	0.0159372992060083	0.00116522614819981	0.0198479215084781	0.000152481031846917	0.022729204819605	0.0187326115196558	0.0253570402941318	0.0563279918465917	0.0300083912651563	0.0272510532946958	0.0469218663549699	0.017729772371388	0.0110910890067133	0.394341702693871	0	0.482655185362401	0.904090299204909
PR.067.A	0.0126948781200805	0.00926326926857774	0.0156405347776254	0.0576063881419639	0.040862687834769	0.00564365666848776	0.00338720997886614	0.0341032117128256	0.10716841923151	0.0101952309319543	0	0.020666922071296	0.0354256300175106	0.126696484909935	0.0361308290523464	0.0276633905337389	0.0996607432615141	0	0.0148252748785813	0	0.0139405136312216	0.0673630518999249	0.0374741603686164	0.0044356429216754	0	0.012014513833329	0.0161131201193997	0.191024235834251	0	0.849091350410601	0.65334459190017
PR.070.A	0.024155946071782	0.00641874782938572	0	0.0827376642736777	0.0358599070201276	0.00982236842983632	0.013824996225996	0	0	0.00088251810163801	0	0.0208650140569637	0.028889852713377	0.12453819664387	0.0191486887996445	0.01241060953272	0.0160965514774718	0.00066261247779922	0.0192037817157379	0.0157826629421312	0.0150070491285529	0.0871158596033845	0.0275103623568154	0.029102866822902	0.0401702412909487	0.0241381814394426	0.015232135170151	0.330423185875644	0	0.616366594733946	0.874563735425289
PR.081.A	0.00575448410520902	0.00243899831563304	0.0156674740301699	0.0668542398053036	0.0424890425834553	0.00327250759282088	0.00842335799888033	0.00802080260596101	0	0.0024075106015984	0	0.0193254538211038	0.0287320979174406	0.0963363824183239	0.0403113849552005	0	0.00714450769459371	0	0.0129810197760889	0.0180593109720455	0.0335386533403246	0.0913070681439431	0.0109946037025585	0.0200584235222492	0.0379407463933128	0.0228243339691295	0.00833666678796474	0.396780928946689	0	0.688380514411912	0.85226782802364
